0.1	2.23691	4.29535	1.0656
0.2	6.54553	13.5178	2.51475
0.3	17.225	27.7929	12.2189
0.4	14.3568	1.40524	45.3403
0.5	1.8507	-7.43905	35.8684
0.6	-3.75862	-6.67009	31.0581
0.7	-5.13614	-5.94006	28.2088
0.8	-5.64102	-6.36484	26.01
0.9	-6.48554	-7.73375	24.4129
1	-7.94339	-9.67585	23.7999
1.1	-9.71327	-11.2266	24.7506
1.2	-10.796	-10.9263	27.2515
1.3	-10.2452	-8.80451	29.4858
1.4	-8.52325	-6.70101	29.7275
1.5	-6.92045	-5.80969	28.4674
1.6	-6.18722	-6.05807	26.7131
1.7	-6.40301	-7.14902	25.1055
1.8	-7.4348	-8.84862	24.1537
1.9	-8.99871	-10.5666	24.4242
2	-10.3587	-11.0716	26.239
2.1	-10.4844	-9.6756	28.6141
2.2	-9.22684	-7.55974	29.6232
2.3	-7.59612	-6.24211	28.9261
2.4	-6.55974	-6.07575	27.4063
2.5	-6.41868	-6.81328	25.803
2.6	-7.10593	-8.21628	24.6365
2.7	-8.41426	-9.88153	24.4191
2.8	-9.82742	-10.8692	25.5783
2.9	-10.4335	-10.2111	27.726
3	-9.70202	-8.36244	29.2428
3.1	-8.22604	-6.78689	29.1412
3.2	-7.0079	-6.24119	27.9445
3.3	-6.56465	-6.64289	26.4309
3.4	-6.93761	-7.7537	25.1576
3.5	-7.97565	-9.26461	24.6067
3.6	-9.30863	-10.4826	25.222
3.7	-10.1983	-10.436	26.9689
3.8	-9.95149	-9.01781	28.7012
3.9	-8.75305	-7.37532	29.1357
4	-7.47971	-6.51873	28.3215
4.1	-6.80134	-6.605	26.9679
4.2	-6.89479	-7.43615	25.6698
4.3	-7.66997	-8.7499	24.9006
4.4	-8.85409	-10.0302	25.0932
4.5	-9.87107	-10.4231	26.4003
4.6	-10.0125	-9.48465	28.1115
4.7	-9.14829	-7.94309	28.9537
4.8	-7.93175	-6.87156	28.5419
4.9	-7.09396	-6.67253	27.4037
5	-6.94754	-7.2391	26.1452
5.1	-7.47726	-8.34175	25.2449
5.2	-8.48229	-9.58265	25.1211
5.3	-9.51764	-10.2548	26.0187
5.4	-9.93611	-9.76368	27.5577
5.5	-9.40754	-8.44122	28.6518
5.6	-8.3321	-7.26251	28.62
5.7	-7.41217	-6.82136	27.7351
5.8	-7.07029	-7.14109	26.5677
5.9	-7.3772	-8.0324	25.6033
6	-8.19451	-9.17624	25.2505
6.1	-9.17868	-10.0004	25.7964
6.2	-9.77185	-9.88129	27.0879
6.3	-9.54365	-8.8409	28.2873
6.4	-8.66139	-7.65717	28.5783
6.5	-7.73056	-7.02885	27.9645
6.6	-7.24103	-7.12377	26.9283
6.7	-7.35132	-7.81028	25.9529
6.8	-7.98422	-8.82649	25.4412
6.9	-8.87601	-9.71051	25.6989
7	-9.56067	-9.87458	26.7203
7.1	-9.57861	-9.13218	27.909
7.2	-8.91167	-8.02712	28.4445
7.3	-8.02927	-7.27349	28.0989
7.4	-7.4408	-7.17105	27.2231
7.5	-7.38331	-7.66336	26.2789
7.6	-7.84203	-8.53753	25.6648
7.7	-8.61929	-9.41819	25.694
7.8	-9.33277	-9.78107	26.4542
7.9	-9.53733	-9.31931	27.5523
8	-9.08397	-8.35193	28.2482
8.1	-8.29419	-7.53536	28.1493
8.2	-7.65341	-7.26835	27.4517
8.3	-7.45889	-7.58036	26.572
8.4	-7.75789	-8.30772	25.9013
8.5	-8.41094	-9.14341	25.7548
8.6	-9.10865	-9.63319	26.2788
8.7	-9.44348	-9.41526	27.2393
8.8	-9.18543	-8.61951	28.0171
8.9	-8.51668	-7.79693	28.129
9	-7.86548	-7.40212	27.6162
9.1	-7.56552	-7.55089	26.8267
9.2	-7.72207	-8.13276	26.1366
9.3	-8.24937	-8.89713	25.86
9.4	-8.90116	-9.45646	26.1795
9.5	-9.31738	-9.43714	26.9805
9.6	-9.22673	-8.82523	27.7751
9.7	-8.69291	-8.04388	28.0534
9.8	-8.0664	-7.55984	27.7211
9.9	-7.6922	-7.56536	27.0402
10	-7.72551	-8.00721	26.3609
10.1	-8.13095	-8.68456	25.993
10.2	-8.71759	-9.26966	26.1414
10.3	-9.17523	-9.40282	26.7785
10.4	-9.21997	-8.97035	27.5404
10.5	-8.82294	-8.26551	27.938
10.6	-8.24831	-7.73004	27.7727
10.7	-7.82944	-7.61486	27.2116
10.8	-7.75987	-7.92531	26.5674
10.9	-8.05104	-8.5073	26.141
11	-8.56142	-9.08587	26.1504
11.1	-9.02926	-9.32886	26.6307
11.2	-9.17716	-9.06016	27.3258
11.3	-8.90974	-8.45485	27.7975
11.4	-8.40596	-7.90264	27.7785
11.5	-7.96914	-7.69098	27.3418
11.6	-7.81755	-7.88122	26.7516
11.7	-8.0046	-8.36481	26.2944
11.8	-8.43359	-8.91374	26.1945
11.9	-8.8882	-9.2295	26.5315
12	-9.10933	-9.10238	27.1392
12.1	-8.95816	-8.60839	27.6451
12.2	-8.53646	-8.06916	27.7471
12.3	-8.10469	-7.78588	27.4331
12.4	-7.89169	-7.8692	26.9108
12.5	-7.98654	-8.25523	26.4457
12.6	-8.33338	-8.75864	26.2634
12.7	-8.75794	-9.1163	26.4742
12.8	-9.02597	-9.10578	26.9844
12.9	-8.97416	-8.72551	27.4915
13	-8.63895	-8.2229	27.6871
13.1	-8.23089	-7.89235	27.4886
13.2	-7.97615	-7.88366	27.0434
13.3	-7.99187	-8.17594	26.5896
13.4	-8.25908	-8.62352	26.3484
13.5	-8.64217	-8.99829	26.4516
13.6	-8.93491	-9.07918	26.862
13.7	-8.9641	-8.80786	27.3453
13.8	-8.7142	-8.35905	27.607
13.9	-8.34393	-8.00389	27.5127
14	-8.06556	-7.91918	27.1493
14.1	-8.01583	-8.12388	26.7219
14.2	-8.20829	-8.50967	26.4427
14.3	-8.54286	-8.88219	26.4568
14.4	-8.84233	-9.03085	26.7708
14.5	-8.93419	-8.85873	27.2123
14.6	-8.76423	-8.4746	27.5148
14.7	-8.44133	-8.11489	27.5101
14.8	-8.15534	-7.97061	27.2293
14.9	-8.05391	-8.0957	26.8399
15	-8.17829	-8.41717	26.5406
15.1	-8.46075	-8.77283	26.4833
15.2	-8.75287	-8.96808	26.7081
15.3	-8.89022	-8.88235	27.0962
15.4	-8.79188	-8.56817	27.4172
15.5	-8.5218	-8.2207	27.4859
15.6	-8.24173	-8.03309	27.2848
15.7	-8.10197	-8.08795	26.9419
15.8	-8.16614	-8.34528	26.6375
15.9	-8.39566	-8.67345	26.5255
16	-8.66987	-8.89705	26.6704
16.1	-8.83729	-8.88346	26.9991
16.2	-8.80051	-8.63977	27.3201
16.3	-8.58508	-8.31772	27.4453
16.4	-8.32178	-8.10218	27.3182
16.5	-8.15628	-8.09713	27.0268
16.6	-8.16886	-8.29265	26.7299
16.7	-8.34676	-8.58609	26.5783
16.8	-8.59559	-8.82279	26.654
16.9	-8.77974	-8.86684	26.9214
17	-8.79366	-8.69052	27.2279
17.1	-8.63175	-8.40337	27.3932
17.2	-8.39335	-8.17392	27.3321
17.3	-8.21352	-8.11979	27.0947
17.4	-8.18352	-8.25754	26.8151
17.5	-8.31276	-8.51178	26.6375
17.6	-8.53133	-8.74925	26.655
17.7	-8.72111	-8.83705	26.8625
17.8	-8.77487	-8.72233	27.1438
17.9	-8.66305	-8.47607	27.3342
18	-8.45503	-8.24493	27.3296
18.1	-8.27087	-8.15262	27.146
18.2	-8.2073	-8.23793	26.8914
18.3	-8.29208	-8.45084	26.6994
18.4	-8.47771	-8.67943	26.6698
18.5	-8.66418	-8.79822	26.821
18.6	-8.74743	-8.73763	27.0701
18.7	-8.68065	-8.53514	27.2722
18.8	-8.50612	-8.31241	27.3137
18.9	-8.32602	-8.19251	27.1817
19	-8.23758	-8.23166	26.9574
19.1	-8.28296	-8.40298	26.7612
19.2	-8.43477	-8.61545	26.6949
19.3	-8.61102	-8.75396	26.7951
19.4	-8.71433	-8.73912	27.0079
19.5	-8.68654	-8.58065	27.2107
19.6	-8.54649	-8.37423	27.2878
19.7	-8.37715	-8.2366	27.2034
19.8	-8.27195	-8.23649	27.0127
19.9	-8.28353	-8.36752	26.8205
20	-8.40211	-8.55873	26.7272
20.1	-8.5631	-8.7073	26.7827
20.2	-8.67815	-8.72958	26.9575
20.3	-8.68279	-8.61328	27.1521
20.4	-8.57651	-8.42886	27.2548
20.5	-8.42293	-8.28238	27.2126
20.6	-8.30832	-8.25018	27.0569
20.7	-8.29195	-8.34342	26.8755
20.8	-8.37901	-8.51009	26.7641
20.9	-8.52132	-8.66071	26.7815
21	-8.64106	-8.71166	26.9188
21.1	-8.67151	-8.63416	27.0985
21.2	-8.59691	-8.47537	27.2175
21.3	-8.46251	-8.32772	27.2114
21.4	-8.34486	-8.27057	27.0905
21.5	-8.3064	-8.32947	26.9249
21.6	-8.36454	-8.46985	26.8032
21.7	-8.48618	-8.6161	26.7893
21.8	-8.60481	-8.68785	26.891
21.9	-8.65468	-8.64473	27.0512
22	-8.60872	-8.51335	27.1782
22.1	-8.49542	-8.37086	27.2018
22.2	-8.3801	-8.29563	27.1141
22.3	-8.3252	-8.32427	26.9679
22.4	-8.3576	-8.43796	26.8425
22.5	-8.45777	-8.5749	26.8041
22.6	-8.57073	-8.66036	26.8731
22.7	-8.63412	-8.64658	27.011
22.8	-8.61313	-8.54284	27.1391
22.9	-8.5216	-8.41045	27.1857
23	-8.41286	-8.32353	27.1287
23.1	-8.34678	-8.32639	27.0039
23.2	-8.35703	-8.41403	26.8805
23.3	-8.43592	-8.5381	26.8237
23.4	-8.53979	-8.63107	26.8638
23.5	-8.61145	-8.64139	26.9781
23.6	-8.61139	-8.56425	27.1018
23.7	-8.54124	-8.44554	27.165
23.8	-8.44229	-8.35262	27.1352
23.9	-8.36978	-8.33439	27.033
24	-8.36165	-8.39749	26.9159
24.1	-8.42022	-8.5063	26.8466
24.2	-8.51263	-8.60156	26.8618
24.3	-8.58801	-8.63077	26.9526
24.4	-8.6048	-8.57825	27.0675
24.5	-8.5548	-8.47554	27.1416
24.6	-8.46784	-8.38152	27.1351
24.7	-8.39302	-8.34686	27.0552
24.8	-8.3703	-8.38757	26.9479
24.9	-8.41011	-8.47978	26.8712
25	-8.4896	-8.57308	26.8657
25.1	-8.56493	-8.61624	26.9339
25.2	-8.59458	-8.5857	27.037
25.3	-8.56289	-8.50018	27.1168
25.4	-8.48919	-8.40912	27.1295
25.5	-8.41553	-8.36246	27.071
25.6	-8.38186	-8.38339	26.9758
25.7	-8.40492	-8.45858	26.8961
25.8	-8.47084	-8.54658	26.8743
25.9	-8.54309	-8.5992	26.9215
26	-8.58187	-8.58758	27.011
26.1	-8.56624	-8.51947	27.092
26.2	-8.50629	-8.43453	27.1196
26.3	-8.43654	-8.38001	27.0809
26.4	-8.39534	-8.38405	26.9994
26.5	-8.40391	-8.4425	26.9204
26.6	-8.45625	-8.52274	26.8862
26.7	-8.52313	-8.58083	26.9147
26.8	-8.56768	-8.5849	26.9895
26.9	-8.56564	-8.53365	27.0681
27	-8.51925	-8.45715	27.1068
27.1	-8.45551	-8.39844	27.0857
27.2	-8.40985	-8.3886	27.0185
27.3	-8.40633	-8.43119	26.9432
27.4	-8.44562	-8.502	26.9004
27.5	-8.5055	-8.56215	26.9127
27.6	-8.55289	-8.57868	26.9726
27.7	-8.56187	-8.54311	27.0461
27.8	-8.52833	-8.47658	27.0921
27.9	-8.47204	-8.41684	27.0861
28	-8.4246	-8.39613	27.0332
28.1	-8.41144	-8.42419	26.9639
28.2	-8.43861	-8.48458	26.9158
28.3	-8.49044	-8.54399	26.9145
28.4	-8.53821	-8.56985	26.96
28.5	-8.55571	-8.54838	27.0265
28.6	-8.53391	-8.49263	27.0765
28.7	-8.48594	-8.43449	27.0829
28.8	-8.43897	-8.40579	27.0438
28.9	-8.41851	-8.42095	26.9821
29	-8.4348	-8.47053	26.9316
29.1	-8.47807	-8.52696	26.9194
29.2	-8.52423	-8.5593	26.9516
29.3	-8.54788	-8.55007	27.0095
29.4	-8.53644	-8.50531	27.0607
29.5	-8.49715	-8.45082	27.077
29.6	-8.45245	-8.41678	27.0506
29.7	-8.4269	-8.4209	26.9975
29.8	-8.43373	-8.45976	26.9471
29.9	-8.46837	-8.51155	26.9266
30	-8.51137	-8.54779	26.9467
30.1	-8.53902	-8.54879	26.9955
30.2	-8.5364	-8.51473	27.0455
30.3	-8.50572	-8.46542	27.0691
30.4	-8.46467	-8.42843	27.0541
30.5	-8.43602	-8.42342	27.01
30.6	-8.43493	-8.45207	26.9617
30.7	-8.4612	-8.49805	26.9354
30.8	-8.49993	-8.53598	26.9448
30.9	-8.52969	-8.54518	26.9843
31	-8.5343	-8.52114	27.0314
31.1	-8.51182	-8.47802	27.0599
31.2	-8.47539	-8.44013	27.0547
31.3	-8.44538	-8.42792	27.0198
31.4	-8.4379	-8.44718	26.9751
31.5	-8.45637	-8.48663	26.945
31.6	-8.4901	-8.5244	26.9456
31.7	-8.52037	-8.53983	26.9759
31.8	-8.53061	-8.52486	27.0187
31.9	-8.51567	-8.4885	27.0501
32	-8.48444	-8.45141	27.053
32.1	-8.45454	-8.43387	27.0269
32.2	-8.44221	-8.44474	26.9869
32.3	-8.45362	-8.47735	26.955
32.4	-8.48197	-8.51348	26.9484
32.5	-8.51142	-8.53332	26.9701
32.6	-8.5258	-8.52626	27.0077
32.7	-8.51755	-8.49684	27.0401
32.8	-8.4918	-8.4619	27.0495
32.9	-8.46318	-8.44073	27.0316
33	-8.44741	-8.44439	26.9969
33.1	-8.45267	-8.47017	26.9649
33.2	-8.47553	-8.50353	26.9527
33.3	-8.50314	-8.52611	26.9667
33.4	-8.52028	-8.52572	26.9985
33.5	-8.51776	-8.50311	27.0304
33.6	-8.49748	-8.47133	27.0447
33.7	-8.47106	-8.44808	27.0341
33.8	-8.45314	-8.44574	27.0052
33.9	-8.4532	-8.46497	26.9743
34	-8.47072	-8.49476	26.9581
34.1	-8.49574	-8.51865	26.9652
34.2	-8.51441	-8.52366	26.9912
34.3	-8.51662	-8.50745	27.0213
34.4	-8.50157	-8.47951	27.0389
34.5	-8.478	-8.45551	27.0347
34.6	-8.45906	-8.44842	27.0117
34.7	-8.45491	-8.46157	26.9829
34.8	-8.46742	-8.48729	26.9641
34.9	-8.48934	-8.51128	26.9654
35	-8.50849	-8.52044	26.9856
35.1	-8.51443	-8.51006	27.0131
35.2	-8.50422	-8.48635	27.0327
35.3	-8.48391	-8.46272	27.0339
35.4	-8.46489	-8.45206	27.0164
35.5	-8.45752	-8.45978	26.9905
35.6	-8.46546	-8.48118	26.9705
35.7	-8.484	-8.50428	26.967
35.8	-8.50277	-8.51642	26.9816
35.9	-8.51148	-8.51116	27.006
36	-8.5056	-8.49184	27.0264
36.1	-8.48873	-8.46945	27.0318
36.2	-8.47043	-8.45633	27.0196
36.3	-8.46073	-8.45935	26.9971
36.4	-8.46467	-8.4764	26.9767
36.5	-8.47974	-8.49787	26.9696
36.6	-8.49745	-8.51192	26.9792
36.7	-8.50805	-8.51101	27
36.8	-8.50589	-8.49601	27.0202
36.9	-8.49249	-8.47553	27.0288
37	-8.47551	-8.46095	27.0214
37.1	-8.46432	-8.46004	27.0025
37.2	-8.46486	-8.4729	26.9827
37.3	-8.47652	-8.49218	26.9729
37.4	-8.49266	-8.50721	26.9781
37.5	-8.50435	-8.50985	26.9951
37.6	-8.50529	-8.49894	27.0144
37.7	-8.49524	-8.48084	27.0253
37.8	-8.48	-8.46567	27.022
37.9	-8.46806	-8.46161	27.0068
38	-8.46583	-8.47056	26.9883
38.1	-8.47427	-8.48731	26.9766
38.2	-8.4885	-8.50252	26.978
38.3	-8.5006	-8.50792	26.9914
38.4	-8.504	-8.50076	27.0091
38.5	-8.49706	-8.48531	27.0214
38.6	-8.48385	-8.47027	27.0216
38.7	-8.47178	-8.46383	27.01
38.8	-8.4674	-8.46926	26.9933
38.9	-8.47289	-8.48329	26.9806
39	-8.485	-8.49804	26.9789
39.1	-8.49695	-8.50544	26.9887
39.2	-8.50221	-8.50161	27.0045
39.3	-8.49805	-8.48892	27.0174
39.4	-8.48701	-8.47459	27.0204
39.5	-8.47532	-8.46649	27.0122
39.6	-8.46938	-8.46886	26.9975
39.7	-8.47228	-8.48012	26.9846
39.8	-8.48219	-8.49391	26.9804
39.9	-8.49353	-8.50263	26.987
40	-8.50007	-8.50163	27.0006
40.1	-8.49834	-8.49169	27.0134
40.2	-8.4895	-8.47851	27.0186
40.3	-8.47859	-8.46939	27.0134
40.4	-8.47163	-8.46919	27.0011
40.5	-8.4723	-8.47777	26.9885
40.6	-8.48004	-8.49023	26.9825
40.7	-8.49044	-8.49967	26.9862
40.8	-8.49775	-8.50099	26.9974
40.9	-8.49805	-8.49367	27.0097
41	-8.49134	-8.48196	27.0164
41.1	-8.4815	-8.47237	27.0139
41.2	-8.47399	-8.4701	27.0039
41.3	-8.47284	-8.47617	26.992
41.4	-8.47851	-8.48705	26.9848
41.5	-8.48774	-8.49669	26.9861
41.6	-8.49538	-8.49984	26.9949
41.7	-8.4973	-8.49493	27.0063
41.8	-8.49259	-8.48487	27.014
41.9	-8.484	-8.47531	27.0138
42	-8.47635	-8.47145	27.006
42.1	-8.47378	-8.47524	26.9952
42.2	-8.47755	-8.48441	26.9873
42.3	-8.48545	-8.49383	26.9865
42.4	-8.49305	-8.49832	26.9931
42.5	-8.4962	-8.49556	27.0033
42.6	-8.4933	-8.48725	27.0114
42.7	-8.48608	-8.47808	27.0131
42.8	-8.47862	-8.47309	27.0075
42.9	-8.47499	-8.47489	26.998
43	-8.47708	-8.48232	26.9898
43.1	-8.4836	-8.49117	26.9874
43.2	-8.49086	-8.49657	26.9919
43.3	-8.49488	-8.49566	27.0008
43.4	-8.49355	-8.48909	27.0089
43.5	-8.48772	-8.48061	27.012
43.6	-8.48072	-8.47491	27.0084
43.7	-8.47639	-8.47503	27.0003
43.8	-8.47704	-8.48074	26.9923
43.9	-8.48217	-8.48878	26.9887
44	-8.48886	-8.49471	26.9913
44.1	-8.49343	-8.49532	26.9987
44.2	-8.49342	-8.49042	27.0065
44.3	-8.48895	-8.48284	27.0106
44.4	-8.4826	-8.4768	27.0088
44.5	-8.47788	-8.47555	27.0022
44.6	-8.47733	-8.47965	26.9946
44.7	-8.48113	-8.48672	26.9901
44.8	-8.48711	-8.49282	26.9912
44.9	-8.49192	-8.49464	26.997
45	-8.49298	-8.49129	27.0043
45.1	-8.4898	-8.48474	27.0091
45.2	-8.48423	-8.47866	27.0088
45.3	-8.47938	-8.47636	27.0036
45.4	-8.47789	-8.479	26.9967
45.5	-8.48047	-8.48499	26.9917
45.6	-8.48561	-8.49099	26.9914
45.7	-8.49044	-8.49371	26.9958
45.8	-8.49232	-8.49175	27.0024
45.9	-8.4903	-8.4863	27.0075
46	-8.48559	-8.48044	27.0084
46.1	-8.48083	-8.47738	27.0046
46.2	-8.47863	-8.47872	26.9985
46.3	-8.48012	-8.48361	26.9933
46.4	-8.48439	-8.48928	26.9919
46.5	-8.48904	-8.49262	26.995
46.6	-8.49151	-8.49186	27.0007
46.7	-8.4905	-8.48752	27.0059
46.8	-8.48667	-8.48207	27.0077
46.9	-8.48218	-8.47852	27.0053
47	-8.4795	-8.47876	27
47.1	-8.48005	-8.48255	26.9949
47.2	-8.48344	-8.48774	26.9927
47.3	-8.48775	-8.49145	26.9946
47.4	-8.4906	-8.49169	26.9994
47.5	-8.49046	-8.48841	27.0044
47.6	-8.48749	-8.48351	27.0069
47.7	-8.4834	-8.47971	27.0055
47.8	-8.48044	-8.47905	27.0012
47.9	-8.4802	-8.48181	26.9963
48	-8.48275	-8.4864	26.9936
48.1	-8.48661	-8.49025	26.9944
48.2	-8.48965	-8.49129	26.9983
48.3	-8.49021	-8.48901	27.003
48.4	-8.48807	-8.48475	27.0059
48.5	-8.48446	-8.4809	27.0056
48.6	-8.48139	-8.47954	27.0022
48.7	-8.48053	-8.48135	26.9977
48.8	-8.48229	-8.48527	26.9946
48.9	-8.48564	-8.48908	26.9945
49	-8.4887	-8.49072	26.9975
49.1	-8.48982	-8.48934	27.0017
49.2	-8.48842	-8.48578	27.0049
49.3	-8.48534	-8.48203	27.0053
49.4	-8.48231	-8.48017	27.0028
49.5	-8.48099	-8.48114	26.9989
49.6	-8.48204	-8.48435	26.9956
49.7	-8.48484	-8.48799	26.9948
49.8	-8.4878	-8.49005	26.9969
49.9	-8.48931	-8.48945	27.0006
50	-8.48858	-8.48658	27.0039
50.1	-8.48606	-8.48308	27.005
50.2	-8.48318	-8.48088	27.0033
50.3	-8.48153	-8.48114	26.9998
50.4	-8.48197	-8.48365	26.9966
50.5	-8.48421	-8.48699	26.9953
50.6	-8.48698	-8.48931	26.9966
50.7	-8.48874	-8.48937	26.9997
50.8	-8.48857	-8.48718	27.0029
50.9	-8.48661	-8.48402	27.0044
51	-8.48397	-8.48163	27.0035
51.1	-8.48212	-8.4813	27.0007
51.2	-8.48204	-8.48315	26.9975
51.3	-8.48374	-8.48612	26.9958
51.4	-8.48624	-8.48855	26.9965
51.5	-8.48815	-8.48913	26.999
51.6	-8.48844	-8.48759	27.002
51.7	-8.48699	-8.48483	27.0039
51.8	-8.48465	-8.48238	27.0035
51.9	-8.48272	-8.48159	27.0013
52	-8.48223	-8.48283	26.9984
52.1	-8.48343	-8.48538	26.9965
52.2	-8.4856	-8.48781	26.9965
52.3	-8.48755	-8.48879	26.9985
52.4	-8.4882	-8.48783	27.0012
52.5	-8.48724	-8.4855	27.0032
52.6	-8.48523	-8.48311	27.0034
52.7	-8.48331	-8.48197	27.0017
52.8	-8.48251	-8.48267	26.9992
52.9	-8.48325	-8.48478	26.9971
53	-8.48508	-8.48711	26.9967
53.1	-8.48697	-8.48837	26.9981
53.2	-8.48789	-8.48792	27.0005
53.3	-8.48736	-8.48603	27.0026
53.4	-8.48571	-8.48378	27.0032
53.5	-8.48386	-8.48242	27.002
53.6	-8.48285	-8.48265	26.9998
53.7	-8.48318	-8.48432	26.9977
53.8	-8.48466	-8.48647	26.997
53.9	-8.48644	-8.48791	26.9979
54	-8.48754	-8.48788	26.9999
54.1	-8.48737	-8.48643	27.002
54.2	-8.48607	-8.48439	27.0029
54.3	-8.48437	-8.48289	27.0022
54.4	-8.48321	-8.48274	27.0003
54.5	-8.48322	-8.48398	26.9983
54.6	-8.48435	-8.4859	26.9973
54.7	-8.48596	-8.48743	26.9978
54.8	-8.48716	-8.48775	26.9994
54.9	-8.4873	-8.48671	27.0014
55	-8.48633	-8.48491	27.0025
55.1	-8.48482	-8.48337	27.0022
55.2	-8.4836	-8.48291	27.0008
55.3	-8.48333	-8.48376	26.9989
55.4	-8.48414	-8.48542	26.9977
55.5	-8.48555	-8.48696	26.9978
55.6	-8.48678	-8.48754	26.9991
55.7	-8.48716	-8.48688	27.0008
55.8	-8.4865	-8.48535	27.0021
55.9	-8.4852	-8.48383	27.0022
56	-8.48397	-8.48314	27.0011
56.1	-8.48349	-8.48364	26.9994
56.2	-8.48401	-8.48502	26.9981
56.3	-8.4852	-8.48651	26.9979
56.4	-8.48641	-8.48729	26.9988
56.5	-8.48697	-8.48695	27.0004
56.6	-8.48659	-8.4857	27.0017
56.7	-8.48551	-8.48426	27.002
56.8	-8.48433	-8.48342	27.0013
56.9	-8.4837	-8.48361	26.9998
57	-8.48396	-8.48471	26.9985
57.1	-8.48493	-8.4861	26.998
57.2	-8.48607	-8.487	26.9987
57.3	-8.48675	-8.48694	27
57.4	-8.48661	-8.48597	27.0013
57.5	-8.48575	-8.48466	27.0019
57.6	-8.48465	-8.48372	27.0014
57.7	-8.48393	-8.48366	27.0002
57.8	-8.48397	-8.48449	26.9989
57.9	-8.48472	-8.48573	26.9983
58	-8.48576	-8.48669	26.9986
58.1	-8.48651	-8.48686	26.9997
58.2	-8.48657	-8.48616	27.0009
58.3	-8.48592	-8.485	27.0016
58.4	-8.48494	-8.48402	27.0014
58.5	-8.48417	-8.48376	27.0004
58.6	-8.48403	-8.48434	26.9992
58.7	-8.48457	-8.48541	26.9985
58.8	-8.48549	-8.48639	26.9986
58.9	-8.48627	-8.48674	26.9994
59	-8.48649	-8.48628	27.0006
59.1	-8.48604	-8.48528	27.0014
59.2	-8.48519	-8.48432	27.0014
59.3	-8.48441	-8.4839	27.0006
59.4	-8.48413	-8.48425	26.9996
59.5	-8.48449	-8.48516	26.9988
59.6	-8.48527	-8.4861	26.9986
59.7	-8.48603	-8.48658	26.9993
59.8	-8.48637	-8.48633	27.0003
59.9	-8.4861	-8.48552	27.0011
60	-8.48539	-8.48459	27.0013
60.1	-8.48464	-8.48407	27.0008
60.2	-8.48426	-8.48422	26.9998
60.3	-8.48445	-8.48495	26.999
60.4	-8.48508	-8.48584	26.9987
60.5	-8.48581	-8.4864	26.9992
60.6	-8.48623	-8.48633	27
60.7	-8.48612	-8.48569	27.0009
60.8	-8.48555	-8.48485	27.0012
60.9	-8.48485	-8.48426	27.0009
61	-8.4844	-8.48425	27.0001
61.1	-8.48445	-8.4848	26.9993
61.2	-8.48495	-8.4856	26.9989
61.3	-8.48561	-8.48621	26.9991
61.4	-8.48608	-8.48629	26.9998
61.5	-8.4861	-8.48582	27.0006
61.6	-8.48567	-8.48507	27.0011
61.7	-8.48504	-8.48445	27.0009
61.8	-8.48455	-8.4843	27.0003
61.9	-8.48448	-8.4847	26.9995
62	-8.48485	-8.4854	26.999
62.1	-8.48544	-8.48602	26.9991
62.2	-8.48593	-8.48622	26.9997
62.3	-8.48605	-8.4859	27.0004
62.4	-8.48575	-8.48526	27.0009
62.5	-8.4852	-8.48464	27.0009
62.6	-8.48471	-8.48439	27.0004
62.7	-8.48454	-8.48464	26.9997
62.8	-8.48478	-8.48523	26.9992
62.9	-8.48529	-8.48583	26.9991
63	-8.48578	-8.48612	26.9996
63.1	-8.48598	-8.48594	27.0002
63.2	-8.4858	-8.48541	27.0007
63.3	-8.48533	-8.48482	27.0008
63.4	-8.48485	-8.4845	27.0005
63.5	-8.48462	-8.48461	26.9999
63.6	-8.48475	-8.48509	26.9993
63.7	-8.48517	-8.48566	26.9992
63.8	-8.48564	-8.48601	26.9995
63.9	-8.4859	-8.48595	27
64	-8.48581	-8.48553	27.0006
64.1	-8.48544	-8.48498	27.0008
64.2	-8.48499	-8.48461	27.0005
64.3	-8.48471	-8.48462	27
64.4	-8.48475	-8.48499	26.9995
64.5	-8.48508	-8.48551	26.9993
64.6	-8.48551	-8.48589	26.9994
64.7	-8.48581	-8.48593	26.9999
64.8	-8.4858	-8.48561	27.0004
64.9	-8.48552	-8.48512	27.0007
65	-8.48511	-8.48474	27.0006
65.1	-8.48481	-8.48466	27.0001
65.2	-8.48477	-8.48492	26.9997
65.3	-8.48502	-8.48537	26.9994
65.4	-8.4854	-8.48577	26.9994
65.5	-8.48571	-8.48588	26.9998
65.6	-8.48578	-8.48567	27.0003
65.7	-8.48557	-8.48525	27.0006
65.8	-8.48521	-8.48486	27.0006
65.9	-8.4849	-8.48471	27.0002
66	-8.48481	-8.48488	26.9998
66.1	-8.48497	-8.48526	26.9995
66.2	-8.4853	-8.48565	26.9994
66.3	-8.48561	-8.48582	26.9997
66.4	-8.48573	-8.4857	27.0002
66.5	-8.4856	-8.48535	27.0005
66.6	-8.4853	-8.48497	27.0005
66.7	-8.48499	-8.48477	27.0003
66.8	-8.48485	-8.48486	26.9999
66.9	-8.48495	-8.48517	26.9996
67	-8.48522	-8.48554	26.9995
67.1	-8.48552	-8.48575	26.9997
67.2	-8.48568	-8.4857	27
67.3	-8.48562	-8.48543	27.0004
67.4	-8.48537	-8.48507	27.0005
67.5	-8.48508	-8.48485	27.0003
67.6	-8.48491	-8.48486	27
67.7	-8.48494	-8.48511	26.9997
67.8	-8.48516	-8.48544	26.9995
67.9	-8.48544	-8.48568	26.9996
68	-8.48562	-8.48569	27
68.1	-8.48561	-8.48548	27.0003
68.2	-8.48542	-8.48517	27.0004
68.3	-8.48516	-8.48492	27.0004
68.4	-8.48497	-8.48488	27.0001
68.5	-8.48495	-8.48506	26.9998
68.6	-8.48512	-8.48535	26.9996
68.7	-8.48537	-8.4856	26.9996
68.8	-8.48556	-8.48567	26.9999
68.9	-8.4856	-8.48552	27.0002
69	-8.48546	-8.48525	27.0004
69.1	-8.48523	-8.485	27.0004
69.2	-8.48503	-8.48491	27.0001
69.3	-8.48498	-8.48503	26.9999
69.4	-8.48509	-8.48528	26.9997
69.5	-8.4853	-8.48553	26.9996
69.6	-8.4855	-8.48563	26.9998
69.7	-8.48557	-8.48554	27.0001
69.8	-8.48548	-8.48531	27.0003
69.9	-8.48529	-8.48507	27.0003
70	-8.48509	-8.48495	27.0002
70.1	-8.485	-8.48502	26.9999
70.2	-8.48507	-8.48522	26.9997
70.3	-8.48525	-8.48546	26.9997
70.4	-8.48544	-8.48559	26.9998
70.5	-8.48554	-8.48555	27
70.6	-8.48549	-8.48537	27.0003
70.7	-8.48533	-8.48514	27.0003
70.8	-8.48515	-8.485	27.0002
70.9	-8.48504	-8.48501	27
71	-8.48507	-8.48518	26.9998
71.1	-8.48521	-8.48539	26.9997
71.2	-8.48539	-8.48554	26.9998
71.3	-8.4855	-8.48554	27
71.4	-8.48549	-8.4854	27.0002
71.5	-8.48537	-8.4852	27.0003
71.6	-8.4852	-8.48505	27.0002
71.7	-8.48508	-8.48503	27
71.8	-8.48507	-8.48514	26.9998
71.9	-8.48518	-8.48534	26.9997
72	-8.48534	-8.48549	26.9998
72.1	-8.48547	-8.48553	26.9999
72.2	-8.48548	-8.48543	27.0001
72.3	-8.48539	-8.48525	27.0002
72.4	-8.48524	-8.48509	27.0002
72.5	-8.48512	-8.48504	27.0001
72.6	-8.48509	-8.48512	26.9999
72.7	-8.48516	-8.48529	26.9998
72.8	-8.4853	-8.48544	26.9998
72.9	-8.48543	-8.48551	26.9999
73	-8.48547	-8.48545	27.0001
73.1	-8.48541	-8.4853	27.0002
73.2	-8.48528	-8.48514	27.0002
73.3	-8.48515	-8.48507	27.0001
73.4	-8.4851	-8.48511	26.9999
73.5	-8.48515	-8.48525	26.9998
73.6	-8.48527	-8.4854	26.9998
73.7	-8.48539	-8.48548	26.9999
73.8	-8.48545	-8.48545	27
73.9	-8.48542	-8.48533	27.0002
74	-8.48531	-8.48518	27.0002
74.1	-8.48519	-8.4851	27.0001
74.2	-8.48512	-8.48511	27
74.3	-8.48515	-8.48522	26.9999
74.4	-8.48524	-8.48536	26.9998
74.5	-8.48536	-8.48545	26.9999
74.6	-8.48543	-8.48545	27
74.7	-8.48542	-8.48536	27.0001
74.8	-8.48533	-8.48522	27.0002
74.9	-8.48522	-8.48513	27.0001
75	-8.48515	-8.48512	27
75.1	-8.48515	-8.4852	26.9999
75.2	-8.48522	-8.48532	26.9998
75.3	-8.48533	-8.48542	26.9999
75.4	-8.4854	-8.48544	27
75.5	-8.48541	-8.48537	27.0001
75.6	-8.48535	-8.48526	27.0002
75.7	-8.48525	-8.48516	27.0001
75.8	-8.48517	-8.48513	27
75.9	-8.48516	-8.48518	26.9999
76	-8.48521	-8.48529	26.9999
76.1	-8.4853	-8.48539	26.9999
76.2	-8.48538	-8.48543	26.9999
76.3	-8.4854	-8.48538	27.0001
76.4	-8.48536	-8.48529	27.0001
76.5	-8.48528	-8.48519	27.0001
76.6	-8.4852	-8.48514	27.0001
76.7	-8.48517	-8.48518	27
76.8	-8.4852	-8.48526	26.9999
76.9	-8.48528	-8.48536	26.9999
77	-8.48535	-8.48541	26.9999
77.1	-8.48539	-8.48539	27
77.2	-8.48537	-8.48531	27.0001
77.3	-8.4853	-8.48522	27.0001
77.4	-8.48522	-8.48516	27.0001
77.5	-8.48518	-8.48517	27
77.6	-8.4852	-8.48524	26.9999
77.7	-8.48526	-8.48533	26.9999
77.8	-8.48533	-8.48539	26.9999
77.9	-8.48538	-8.48539	27
78	-8.48537	-8.48533	27.0001
78.1	-8.48531	-8.48524	27.0001
78.2	-8.48524	-8.48518	27.0001
78.3	-8.48519	-8.48518	27
78.4	-8.4852	-8.48523	26.9999
78.5	-8.48525	-8.48531	26.9999
78.6	-8.48531	-8.48537	26.9999
78.7	-8.48536	-8.48538	27
78.8	-8.48536	-8.48534	27.0001
78.9	-8.48532	-8.48526	27.0001
79	-8.48526	-8.4852	27.0001
79.1	-8.48521	-8.48518	27
79.2	-8.4852	-8.48522	27
79.3	-8.48524	-8.48529	26.9999
79.4	-8.48529	-8.48535	26.9999
79.5	-8.48534	-8.48538	27
79.6	-8.48536	-8.48535	27
79.7	-8.48533	-8.48528	27.0001
79.8	-8.48528	-8.48522	27.0001
79.9	-8.48523	-8.48519	27
80	-8.48521	-8.48522	27
80.1	-8.48523	-8.48527	26.9999
80.2	-8.48528	-8.48533	26.9999
80.3	-8.48533	-8.48536	27
80.4	-8.48535	-8.48535	27
80.5	-8.48533	-8.4853	27.0001
80.6	-8.48529	-8.48524	27.0001
80.7	-8.48524	-8.4852	27.0001
80.8	-8.48522	-8.48521	27
80.9	-8.48523	-8.48526	26.9999
81	-8.48527	-8.48532	26.9999
81.1	-8.48532	-8.48535	26.9999
81.2	-8.48534	-8.48535	27
81.3	-8.48534	-8.48531	27.0001
81.4	-8.4853	-8.48525	27.0001
81.5	-8.48525	-8.48522	27.0001
81.6	-8.48522	-8.48521	27
81.7	-8.48523	-8.48525	27
81.8	-8.48526	-8.4853	26.9999
81.9	-8.4853	-8.48534	26.9999
82	-8.48533	-8.48535	27
82.1	-8.48533	-8.48532	27
82.2	-8.48531	-8.48527	27.0001
82.3	-8.48527	-8.48523	27.0001
82.4	-8.48523	-8.48522	27
82.5	-8.48523	-8.48524	27
82.6	-8.48525	-8.48529	26.9999
82.7	-8.48529	-8.48533	26.9999
82.8	-8.48532	-8.48534	27
82.9	-8.48533	-8.48532	27
83	-8.48531	-8.48528	27.0001
83.1	-8.48528	-8.48524	27.0001
83.2	-8.48524	-8.48522	27
83.3	-8.48523	-8.48524	27
83.4	-8.48525	-8.48528	26.9999
83.5	-8.48528	-8.48532	26.9999
83.6	-8.48531	-8.48534	27
83.7	-8.48533	-8.48532	27
83.8	-8.48531	-8.48529	27
83.9	-8.48528	-8.48525	27.0001
84	-8.48525	-8.48523	27
84.1	-8.48524	-8.48524	27
84.2	-8.48525	-8.48527	27
84.3	-8.48527	-8.48531	26.9999
84.4	-8.4853	-8.48533	27
84.5	-8.48532	-8.48532	27
84.6	-8.48532	-8.4853	27
84.7	-8.48529	-8.48526	27
84.8	-8.48526	-8.48524	27
84.9	-8.48524	-8.48524	27
85	-8.48525	-8.48526	27
85.1	-8.48527	-8.4853	27
85.2	-8.4853	-8.48532	27
85.3	-8.48532	-8.48532	27
85.4	-8.48532	-8.4853	27
85.5	-8.4853	-8.48527	27
85.6	-8.48527	-8.48525	27
85.7	-8.48525	-8.48524	27
85.8	-8.48525	-8.48526	27
85.9	-8.48526	-8.48529	27
86	-8.48529	-8.48531	27
86.1	-8.48531	-8.48532	27
86.2	-8.48531	-8.48531	27
86.3	-8.4853	-8.48528	27
86.4	-8.48528	-8.48525	27
86.5	-8.48526	-8.48524	27
86.6	-8.48525	-8.48526	27
86.7	-8.48526	-8.48528	27
86.8	-8.48528	-8.48531	27
86.9	-8.4853	-8.48532	27
87	-8.48531	-8.48531	27
87.1	-8.4853	-8.48529	27
87.2	-8.48528	-8.48526	27
87.3	-8.48526	-8.48525	27
87.4	-8.48525	-8.48525	27
87.5	-8.48526	-8.48527	27
87.6	-8.48528	-8.4853	27
87.7	-8.4853	-8.48531	27
87.8	-8.48531	-8.48531	27
87.9	-8.4853	-8.48529	27
88	-8.48529	-8.48527	27
88.1	-8.48527	-8.48525	27
88.2	-8.48526	-8.48525	27
88.3	-8.48526	-8.48527	27
88.4	-8.48527	-8.48529	27
88.5	-8.48529	-8.48531	27
88.6	-8.4853	-8.48531	27
88.7	-8.4853	-8.48529	27
88.8	-8.48529	-8.48527	27
88.9	-8.48527	-8.48526	27
89	-8.48526	-8.48526	27
89.1	-8.48526	-8.48527	27
89.2	-8.48527	-8.48529	27
89.3	-8.48529	-8.4853	27
89.4	-8.4853	-8.48531	27
89.5	-8.4853	-8.4853	27
89.6	-8.48529	-8.48528	27
89.7	-8.48528	-8.48526	27
89.8	-8.48527	-8.48526	27
89.9	-8.48526	-8.48527	27
90	-8.48527	-8.48528	27
90.1	-8.48528	-8.4853	27
90.2	-8.4853	-8.4853	27
90.3	-8.4853	-8.4853	27
90.4	-8.48529	-8.48528	27
90.5	-8.48528	-8.48527	27
90.6	-8.48527	-8.48526	27
90.7	-8.48526	-8.48526	27
90.8	-8.48527	-8.48528	27
90.9	-8.48528	-8.48529	27
91	-8.48529	-8.4853	27
91.1	-8.4853	-8.4853	27
91.2	-8.4853	-8.48529	27
91.3	-8.48528	-8.48527	27
91.4	-8.48527	-8.48526	27
91.5	-8.48527	-8.48526	27
91.6	-8.48527	-8.48527	27
91.7	-8.48528	-8.48529	27
91.8	-8.48529	-8.4853	27
91.9	-8.4853	-8.4853	27
92	-8.48529	-8.48529	27
92.1	-8.48529	-8.48528	27
92.2	-8.48528	-8.48527	27
92.3	-8.48527	-8.48526	27
92.4	-8.48527	-8.48527	27
92.5	-8.48528	-8.48528	27
92.6	-8.48529	-8.48529	27
92.7	-8.48529	-8.4853	27
92.8	-8.48529	-8.48529	27
92.9	-8.48529	-8.48528	27
93	-8.48528	-8.48527	27
93.1	-8.48527	-8.48527	27
93.2	-8.48527	-8.48527	27
93.3	-8.48527	-8.48528	27
93.4	-8.48528	-8.48529	27
93.5	-8.48529	-8.4853	27
93.6	-8.48529	-8.48529	27
93.7	-8.48529	-8.48528	27
93.8	-8.48528	-8.48527	27
93.9	-8.48527	-8.48527	27
94	-8.48527	-8.48527	27
94.1	-8.48527	-8.48528	27
94.2	-8.48528	-8.48529	27
94.3	-8.48529	-8.48529	27
94.4	-8.48529	-8.48529	27
94.5	-8.48529	-8.48528	27
94.6	-8.48528	-8.48528	27
94.7	-8.48528	-8.48527	27
94.8	-8.48527	-8.48527	27
94.9	-8.48527	-8.48528	27
95	-8.48528	-8.48529	27
95.1	-8.48529	-8.48529	27
95.2	-8.48529	-8.48529	27
95.3	-8.48529	-8.48529	27
95.4	-8.48528	-8.48528	27
95.5	-8.48528	-8.48527	27
95.6	-8.48527	-8.48527	27
95.7	-8.48527	-8.48528	27
95.8	-8.48528	-8.48528	27
95.9	-8.48528	-8.48529	27
96	-8.48529	-8.48529	27
96.1	-8.48529	-8.48529	27
96.2	-8.48529	-8.48528	27
96.3	-8.48528	-8.48527	27
96.4	-8.48527	-8.48527	27
96.5	-8.48527	-8.48528	27
96.6	-8.48528	-8.48528	27
96.7	-8.48528	-8.48529	27
96.8	-8.48529	-8.48529	27
96.9	-8.48529	-8.48529	27
97	-8.48529	-8.48528	27
97.1	-8.48528	-8.48528	27
97.2	-8.48528	-8.48527	27
97.3	-8.48527	-8.48527	27
97.4	-8.48528	-8.48528	27
97.5	-8.48528	-8.48529	27
97.6	-8.48529	-8.48529	27
97.7	-8.48529	-8.48529	27
97.8	-8.48529	-8.48528	27
97.9	-8.48528	-8.48528	27
98	-8.48528	-8.48527	27
98.1	-8.48527	-8.48527	27
98.2	-8.48528	-8.48528	27
98.3	-8.48528	-8.48528	27
98.4	-8.48528	-8.48529	27
98.5	-8.48529	-8.48529	27
98.6	-8.48529	-8.48528	27
98.7	-8.48528	-8.48528	27
98.8	-8.48528	-8.48527	27
98.9	-8.48528	-8.48527	27
99	-8.48528	-8.48528	27
99.1	-8.48528	-8.48528	27
99.2	-8.48528	-8.48529	27
99.3	-8.48529	-8.48529	27
99.4	-8.48529	-8.48529	27
99.5	-8.48528	-8.48528	27
99.6	-8.48528	-8.48528	27
99.7	-8.48528	-8.48528	27
99.8	-8.48528	-8.48528	27
99.9	-8.48528	-8.48528	27
100	-8.48528	-8.48529	27
